0.0000000 0.0000000 -0.1552575
0.0277162 0.0160020 -0.1552575
0.0000000 0.0320040 -0.1552575
-0.0277162 0.0160020 -0.1552575
-0.0277162 -0.0160020 -0.1552575
0.0000000 -0.0320040 -0.1552575
0.0277162 -0.0160020 -0.1552575
0.0554325 0.0000000 -0.1552575
0.0554325 0.0320040 -0.1552575
0.0277162 0.0480060 -0.1552575
0.0000000 0.0640080 -0.1552575
-0.0277162 0.0480060 -0.1552575
-0.0554325 0.0320040 -0.1552575
-0.0554325 0.0000000 -0.1552575
-0.0554325 -0.0320040 -0.1552575
-0.0277162 -0.0480060 -0.1552575
0.0000000 -0.0640080 -0.1552575
0.0277162 -0.0480060 -0.1552575
0.0554325 -0.0320040 -0.1552575
0.0831488 0.0160020 -0.1552575
0.0831488 0.0480060 -0.1552575
0.0554325 0.0640080 -0.1552575
0.0277162 0.0800100 -0.1552575
0.0000000 0.0960120 -0.1552575
-0.0277162 0.0800100 -0.1552575
-0.0554325 0.0640080 -0.1552575
-0.0831488 0.0480060 -0.1552575
-0.0831488 0.0160020 -0.1552575
-0.0831488 -0.0160020 -0.1552575
-0.0831488 -0.0480060 -0.1552575
-0.0554325 -0.0640080 -0.1552575
-0.0277162 -0.0800100 -0.1552575
0.0831488 -0.0160020 -0.1552575
0.0831488 -0.0480060 -0.1552575
0.0554325 -0.0640080 -0.1552575
0.0277162 -0.0800100 -0.1552575
0.0000000 -0.0960120 -0.1552575
